3
3
3
3
3
5
2473
2473
2473
3
7
2473
3
3
3
3
3
3
5
9
9
9
2473
2474
2474
2474
2474
2474
2474
2474
2474
2474
2474
2474
2474
2474
2474
2474
2474
2474
2474
2474
2474
2474
2474
2474
2474
2474
2474
2474
2474
2474
2474
43
49
49
49
49
491
45
451
43
44
45
46
46
46
47
48
48
49
50
51
52
51
52
51
52
53
53
54
55
56
57
57
58
59
60
61
62
63
64
65
66
67
66
67
68
69
70
70
70
70
70
70
70
70
70
70
71
71
71
72
73
74
73
72
71
70
69
68
67
66
67
68
2474
2474
2474
2474
2474
43
44
43
44
45
46
45
44
45
46
47
48
49
141
141
141
141
141
142
142
142
143
144
143
144
145
2474
2474
2474
2474
2474
2474
2474
2474
2474
2474
2474
2474
2474
43
44
45
2474
2474
2474
979
2474
2474
1168
2474
2474
2281
2281
2474
2474
2474
2473
2474
2474
2472
2474
2474
2471
2474
2474
793
2474
2474
793
2474
2474
794
2474
2474
793
2474
2474
792
2474
2474
1
2474
2474
1
2474
2474
2
2474
2474
3
2474
2474
4
2474
2474
3
2474
2474
2474
2474
2474
2473
2474
2474
2472
2474
2474
2473
2474
2474
2474
2474
2474
2473
2474
2474
2472
2474
2474
2471
2474
2474
1954
2474
2474
1953
2474
2474
1954
2474
2474
1955
2474
2474
1954
2474
2474
1953
2474
2474
1954
2474
2474
1955
2474
2474
